,45,50,51,52,54,53,56,55,57
0,100.0,,,,,,,,
1,98.01395598497048,1.9860440150295222,,,,,,,
2,72.50402576489533,18.344068706387546,9.151905528717123,,,,,,
3,62.36580783682233,28.428609769189478,9.03113258185722,0.17444981213097155,,,,,
4,39.439076757917334,50.38915727321525,9.997316156736447,0.17444981213097155,,,,,
5,38.539989264626946,51.288244766505635,8.816425120772946,0.17444981213097155,1.1808910359634996,,,,
6,38.419216317767045,51.288244766505635,6.266774020397209,0.17444981213097155,3.851315083199141,,,,
7,38.157541599570585,45.1154052603328,11.956521739130435,1.5096618357487923,3.260869565217391,,,,
8,37.13768115942029,46.182232957595275,11.922973698336017,1.4962426194310252,3.260869565217391,,,,
9,37.35238862050456,45.967525496511,11.922973698336017,1.4962426194310252,3.260869565217391,,,,
10,37.43961352657005,42.72007514761138,11.876006441223833,1.4962426194310252,3.2474503488996245,3.2206119162640903,,,
11,37.473161567364464,41.988727858293075,11.876006441223833,1.4962426194310252,3.2474503488996245,3.9184111647879765,,,
12,34.534353193773484,36.553945249597426,22.69189479334407,1.4962426194310252,3.2474503488996245,1.4761137949543746,,,
13,34.98389694041868,36.20504562533548,22.685185185185187,1.4962426194310252,3.166935050993022,1.4626945786366077,,,
14,34.68196457326892,36.28556092324208,21.504294149221685,1.4962426194310252,3.166935050993022,1.5633387010198605,1.3016639828234031,,
15,34.38674181427805,35.31266774020397,21.504294149221685,2.6301663982823404,3.166935050993022,1.5633387010198605,1.3016639828234031,0.13419216317767044,
16,34.01771336553945,35.42002147074611,21.497584541062803,2.6033279656468062,3.140096618357488,1.5297906602254427,1.3016639828234031,0.48980139559849706,
17,34.333064949006975,35.05099302200752,20.947396672034355,2.6033279656468062,3.140096618357488,1.5297906602254427,1.556629092860977,0.8387010198604401,
18,34.14519592055824,35.25228126677402,20.840042941492218,2.6033279656468062,3.140096618357488,1.5297906602254427,1.6505636070853462,0.8387010198604401,
19,32.31347289318304,33.2662372517445,24.671229200214707,2.6033279656468062,3.140096618357488,1.5297906602254427,1.6371443907675791,0.8387010198604401,
20,30.139559849704778,34.447128287708,24.268652710681696,2.6033279656468062,3.126677402039721,2.9388083735909825,1.6371443907675791,0.8387010198604401,
21,25.791733762748255,37.64761137949544,23.060923242082662,2.6033279656468062,3.126677402039721,5.548845947396672,1.3821792807300053,0.8387010198604401,
22,19.900697799248523,49.785292538915726,18.411164787976382,1.4090177133655395,3.3950617283950617,5.58239398819109,1.3821792807300053,0.13419216317767044,
23,18.686258722490606,48.03408480944713,21.584809447128286,1.4090177133655395,3.3950617283950617,5.374396135265701,1.3821792807300053,0.13419216317767044,
24,17.102791196994094,52.39533011272142,17.894524959742352,1.4090177133655395,3.1333870101986045,5.159688674181428,1.3821792807300053,1.5230810520665594,
25,17.16988727858293,52.35507246376812,17.867686527106816,1.4090177133655395,3.1333870101986045,5.159688674181428,1.3821792807300053,1.5230810520665594,
26,17.317498658078367,50.82528180354267,17.793880837359097,1.4090177133655395,3.3279656468062266,5.159688674181428,1.3821792807300053,2.7844873859366612,
27,17.54562533548041,50.48309178743961,17.713365539452496,1.4090177133655395,3.3279656468062266,5.132850241545894,1.3821792807300053,3.0059044551798175,
28,17.559044551798173,50.234836285560924,17.673107890499196,1.4090177133655395,3.3279656468062266,5.132850241545894,1.3821792807300053,3.280998389694042,
29,18.16290928609769,50.006709608158886,17.52549651100376,1.4090177133655395,3.180354267310789,5.052334943639291,1.3821792807300053,3.280998389694042,
30,18.35077831454643,49.87251744498121,17.51207729468599,1.4090177133655395,3.180354267310789,5.038915727321524,1.3821792807300053,3.2541599570585076,
31,18.417874396135264,48.88620504562534,17.444981213097154,1.4090177133655395,4.562533548040794,4.361245303274289,1.3821792807300053,3.535963499731616,
32,17.357756307031668,45.229468599033815,18.015297906602253,1.4090177133655395,5.2066559312936125,4.361245303274289,1.3821792807300053,7.0383789586688135,
33,17.70665593129361,45.14224369296833,17.96833064949007,1.4090177133655395,5.2066559312936125,4.213633923778851,1.3687600644122384,6.984702093397746,
34,18.149490069779926,45.04830917874396,17.934782608695652,1.4090177133655395,5.2066559312936125,3.898282340311326,1.3687600644122384,6.984702093397746,
35,15.92860976918948,33.97074610842727,16.53918411164788,13.922436929683306,5.159688674181428,7.159151905528717,1.3687600644122384,5.9514224369296835,
36,15.955448201825014,33.964036500268385,16.51905528717123,13.922436929683306,5.159688674181428,7.159151905528717,1.3687600644122384,5.9514224369296835,
37,15.955448201825014,33.964036500268385,16.51905528717123,12.915995705850777,5.159688674181428,8.165593129361245,1.3687600644122384,5.9514224369296835,
38,16.056092324208265,33.93719806763285,16.445249597423512,12.915995705850777,5.159688674181428,8.165593129361245,1.3687600644122384,5.9514224369296835,
39,16.163446054750402,33.91035963499731,16.42512077294686,12.775093934514224,5.0993022007514766,8.165593129361245,1.3687600644122384,5.9514224369296835,0.14090177133655393
40,16.371443907675793,33.68894256575416,16.21712292002147,12.754965110037574,5.0993022007514766,8.165593129361245,1.3687600644122384,6.1929683306494905,0.14090177133655393
41,16.680085882984432,32.910628019323674,16.21712292002147,11.137949543746645,5.0993022007514766,11.211755233494364,1.3687600644122384,5.246913580246914,0.1274825550187869
42,14.170692431561998,38.1508319914117,14.794685990338165,9.816156736446592,5.0993022007514766,11.352657004830919,1.3687600644122384,5.246913580246914,
43,14.647074610842727,38.00993022007515,14.761137949543746,9.75577026301664,5.0993022007514766,11.20504562533548,1.3687600644122384,5.152979066022544,
44,14.76784755770263,37.90257648953301,14.74771873322598,9.75577026301664,5.0993022007514766,11.20504562533548,1.3687600644122384,5.152979066022544,
45,14.841653247450349,37.80193236714976,14.647074610842727,10.084541062801932,5.0993022007514766,11.010466988727858,1.3687600644122384,5.146269457863661,
46,15.096618357487923,36.47342995169082,14.512882447665056,10.050993022007514,5.032206119162641,12.5402576489533,1.3687600644122384,4.924852388620504,
47,14.070048309178745,31.132581857219538,28.341384863123995,9.131776704240472,5.314009661835748,9.480676328502415,0.2616747181964573,2.26784755770263,
48,14.163982823403114,31.105743424584006,26.898819108964037,9.131776704240472,5.287171229200215,11.010466988727858,0.13419216317767044,2.26784755770263,
49,11.83574879227053,31.561996779388085,26.73107890499195,9.131776704240472,5.287171229200215,10.976918947933441,0.2549651100375738,4.2203435319377345,
50,11.876006441223833,31.548577563070317,26.73107890499195,9.104938271604938,5.287171229200215,10.976918947933441,0.2549651100375738,4.2203435319377345,
51,12.258454106280194,31.548577563070317,26.570048309178745,9.057971014492754,5.213365539452496,10.876274825550189,0.2549651100375738,4.2203435319377345,
52,12.419484702093397,31.548577563070317,26.570048309178745,9.057971014492754,5.213365539452496,10.755501878690284,0.2549651100375738,4.180085882984434,
53,12.694578636607622,31.548577563070317,26.46940418679549,8.930488459473967,5.166398282340311,10.755501878690284,0.2549651100375738,4.180085882984434,
54,12.607353730542137,31.468062265163713,26.684111647879764,8.910359634997317,5.166398282340311,10.755501878690284,0.2549651100375738,4.1532474503489,
55,12.842190016103059,31.313741277509394,26.643853998926463,8.910359634997317,5.152979066022544,10.72866344605475,0.2549651100375738,4.1532474503489,
56,13.036768652710682,31.313741277509394,26.42914653784219,8.910359634997317,5.132850241545894,10.674986580783683,0.15432098765432098,4.3478260869565215,
57,13.264895330112722,31.253354804079443,25.865539452495973,8.903650026838433,5.132850241545894,10.668276972624799,0.5636070853462157,4.3478260869565215,
58,13.419216317767042,30.09259259259259,24.953032742887814,7.944176060118089,5.12614063338701,13.553408480944713,0.5636070853462157,4.3478260869565215,
59,12.869028448738593,23.382984433709073,36.4398819108964,7.092055823939882,4.7638217928073,10.795759527643586,0.5636070853462157,4.092860976918948,
60,13.036768652710682,23.18840579710145,33.1454643048846,7.092055823939882,4.7638217928073,10.7085346215781,3.797638217928073,4.26731078904992,
61,13.365539452495975,23.09447128287708,33.11862587224906,7.058507783145465,4.750402576489533,10.547504025764896,3.797638217928073,4.26731078904992,
62,13.063607085346217,23.45679012345679,33.05823939881911,7.058507783145465,4.750402576489533,10.547504025764896,3.797638217928073,4.26731078904992,
63,13.593666129898015,23.423242082662373,32.769726247987116,7.011540526033279,4.74369296833065,10.493827160493828,3.797638217928073,4.166666666666667,
64,13.600375738056897,23.423242082662373,32.447665056360705,7.011540526033279,5.072463768115942,10.849436392914654,3.4420289855072466,4.1532474503489,
65,13.81508319914117,21.672034353193773,32.30005367686527,6.91760601180891,5.072463768115942,12.969672571121846,3.4420289855072466,3.81105743424584,
66,13.828502415458937,21.672034353193773,31.890767579173378,6.91760601180891,4.5960815888352125,13.841921631776705,3.4420289855072466,3.81105743424584,
67,13.727858293075684,21.591519055287172,32.085346215781,6.904186795491143,4.5960815888352125,13.841921631776705,3.4420289855072466,3.81105743424584,
68,14.056629092860977,21.591519055287172,31.89747718733226,6.904186795491143,4.5960815888352125,13.727858293075684,3.4151905528717124,3.81105743424584,
69,14.237788513150832,21.55126140633387,31.89747718733226,6.904186795491143,4.5960815888352125,13.519860440150294,3.4822866344605474,3.81105743424584,
70,14.486044015029522,21.390230810520666,31.863929146537842,6.877348362855609,4.5960815888352125,13.519860440150294,3.4822866344605474,3.784219001610306,
71,14.439076757917338,20.873590982286636,31.676060118089104,7.830112721417069,4.5960815888352125,13.345410628019323,3.455448201825013,3.784219001610306,
72,14.579978529253891,20.135534084809446,31.676060118089104,9.07139023081052,4.49543746645196,12.848899624261943,3.455448201825013,3.7372517444981215,
73,14.224369296833064,17.652979066022546,34.11164787976382,10.165056360708535,4.441760601180891,12.399355877616747,3.455448201825013,3.549382716049383,
74,14.49946323134729,17.619431025228128,34.05797101449275,10.057702630166398,4.441760601180891,12.345679012345679,3.455448201825013,3.5225442834138487,
75,14.861782071927,17.612721417069242,33.9573268921095,9.064680622651638,4.428341384863124,12.372517444981213,3.455448201825013,4.247181964573269,
76,15.291196994095545,17.51207729468599,33.66881374127751,8.984165324745035,4.320987654320987,12.338969404186795,3.643317230273752,4.240472356414386,
77,15.49248523886205,17.404723564143854,33.601717659688674,8.970746108427267,4.314278046162104,12.338969404186795,3.643317230273752,4.233762748255502,
78,15.60654857756307,16.961889425657542,33.20585077831455,8.84326355340848,3.026033279656468,14.371980676328503,3.750670960815888,4.233762748255502,
79,15.98899624261943,16.686795491143318,33.1454643048846,8.84326355340848,3.026033279656468,14.36527106816962,3.750670960815888,4.193505099302201,
80,16.210413311862588,16.686795491143318,32.94417606011809,8.84326355340848,3.026033279656468,14.36527106816962,3.730542136339238,4.193505099302201,
81,15.83467525496511,16.680085882984432,32.17928073000537,8.809715512614064,3.026033279656468,15.633387010198604,3.643317230273752,4.193505099302201,
82,16.015834675254965,16.512345679012345,33.400429414922165,8.695652173913043,3.33467525496511,14.351851851851851,3.616478797638218,4.072732152442297,
83,11.621041331186259,23.738593666129898,32.50805152979066,8.541331186258722,3.026033279656468,12.875738056897477,3.616478797638218,4.072732152442297,
84,11.728395061728396,23.731884057971016,32.35373054213634,8.474235104669887,3.026033279656468,12.835480407944177,3.7775093934514223,4.072732152442297,
85,11.79549114331723,23.557434245840042,32.35373054213634,8.447396672034353,3.026033279656468,12.835480407944177,3.7775093934514223,4.206924315619967,
86,11.037305421363392,16.99543746645196,36.33923778851315,15.526033279656469,3.0193236714975846,11.345947396672035,2.8784219001610305,2.85829307568438,
87,11.191626409017713,16.99543746645196,35.91653247450349,15.519323671497585,3.0193236714975846,11.345947396672035,3.1535158346752548,2.85829307568438,
88,11.453301127214171,16.99543746645196,35.587761674718195,15.425389157273216,3.0193236714975846,11.312399355877616,3.3480944712828773,2.85829307568438,
89,11.52710681696189,16.99543746645196,35.53408480944713,15.271068169618895,3.012614063338701,11.312399355877616,3.3480944712828773,2.999194847020934,
90,11.708266237251744,16.921631776704242,35.50053676865271,15.197262479871176,3.012614063338701,11.171497584541063,3.3480944712828773,3.140096618357488,
91,12.110842726784755,16.814278046162105,35.45356951154053,15.063070316693505,3.012614063338701,11.084272678475577,3.3480944712828773,3.113258185721954,
92,12.614063338701019,16.794149221685455,35.20531400966183,15.01610305958132,3.012614063338701,10.916532474503489,3.3279656468062266,3.113258185721954,
93,10.815888352120236,15.975577026301664,40.76757917337628,16.33118625872249,1.1607622114868492,7.474503488996243,4.408212560386473,3.066290928609769,
94,10.44015029522276,15.935319377348362,42.8341384863124,15.365002683843263,0.7514761137949544,7.474503488996243,4.133118625872249,3.066290928609769,
95,11.16478797638218,15.640096618357488,42.72007514761138,14.244498121309716,0.7514761137949544,8.279656468062266,4.133118625872249,3.066290928609769,
96,11.392914653784219,15.640096618357488,42.49194847020934,14.244498121309716,0.7514761137949544,8.279656468062266,4.133118625872249,3.066290928609769,
97,11.594202898550725,15.633387010198604,42.29736983360172,14.244498121309716,0.7514761137949544,8.279656468062266,4.133118625872249,3.066290928609769,
98,11.902844873859367,15.633387010198604,42.109500805152976,14.244498121309716,0.7514761137949544,8.279656468062266,4.133118625872249,2.945517981749866,
99,11.963231347289318,15.35829307568438,41.74718196457327,14.237788513150832,0.7514761137949544,8.279656468062266,4.408212560386473,3.2541599570585076,
100,12.406065485775631,15.230810520665592,41.337895866881375,14.237788513150832,0.8789586688137413,8.259527643585615,4.394793344068707,3.2541599570585076,
101,12.412775093934513,14.667203435319378,40.975577026301664,14.358561460010735,1.8384326355340848,8.259527643585615,4.394793344068707,3.0931293612453032,
102,12.372517444981213,14.667203435319378,41.015834675254965,14.358561460010735,1.8384326355340848,8.259527643585615,4.394793344068707,3.0931293612453032,
103,12.801932367149758,14.600107353730541,39.48604401502952,14.251207729468598,1.8384326355340848,8.239398819108963,4.361245303274289,4.42163177670424,
104,12.909286097691895,14.566559312936125,39.45920558239399,14.224369296833064,1.8384326355340848,8.219269994632313,4.361245303274289,4.42163177670424,
105,13.298443370907139,14.566559312936125,39.378690284487384,14.016371443907676,1.8384326355340848,8.145464304884594,4.361245303274289,4.394793344068707,
106,13.519860440150294,14.486044015029522,38.61379495437466,13.976113794954374,1.8384326355340848,8.09849704777241,5.139559849704777,4.327697262479871,
107,13.828502415458937,14.486044015029522,38.32528180354267,13.976113794954374,1.8384326355340848,8.09849704777241,5.139559849704777,4.30756843800322,
108,13.130703166935051,14.472624798711756,36.50697799248524,13.976113794954374,1.8384326355340848,8.071658615136876,5.112721417069243,6.890767579173376,
109,13.41250670960816,14.452495974235104,36.40633387010199,13.92914653784219,1.778046162104133,8.07836822329576,5.112721417069243,6.830381105743425,
110,13.519860440150294,14.378690284487385,35.648148148148145,13.92914653784219,3.0931293612453032,7.682501341921632,4.944981213097155,6.8035426731078905,
111,13.761406333870102,14.378690284487385,35.648148148148145,13.788244766505636,3.052871712292002,7.682501341921632,4.944981213097155,6.743156199677939,
112,14.096886741814279,14.190821256038648,35.53408480944713,13.774825550187868,3.052871712292002,7.682501341921632,4.924852388620504,6.743156199677939,
113,14.2914653784219,14.15727321524423,35.47369833601718,13.774825550187868,2.952227589908749,7.682501341921632,4.924852388620504,6.743156199677939,
114,14.418947933440688,14.143853998926463,35.14492753623188,13.754696725711218,3.180354267310789,7.682501341921632,4.938271604938271,6.736446591519055,
115,14.781266774020397,14.023081052066559,34.977187332259795,13.754696725711218,3.180354267310789,7.6556629092860975,4.898013955984971,6.729736983360172,
116,14.888620504562533,14.023081052066559,34.916800858829845,13.754696725711218,3.180354267310789,7.6556629092860975,4.871175523349437,6.709608158883521,
117,15.183843263553408,13.788244766505636,34.90338164251208,13.734567901234568,3.180354267310789,7.628824476650563,4.871175523349437,6.709608158883521,
118,15.210681696188942,13.774825550187868,34.252549651100374,13.707729468599034,3.180354267310789,8.11862587224906,5.434782608695652,6.320450885668277,
119,14.78797638217928,13.768115942028986,35.72195383789587,13.707729468599034,3.166935050993022,7.286634460547504,5.314009661835748,6.246645195920558,
120,14.834943639291465,13.761406333870102,35.68840579710145,13.707729468599034,3.166935050993022,7.286634460547504,5.307300053676865,6.246645195920558,
121,14.278046162104133,13.7211486849168,37.533548040794415,13.580246913580247,3.549382716049383,5.978260869565218,5.246913580246914,6.112453032742888,
122,14.432367149758454,13.674181427804616,37.11755233494364,13.56682769726248,4.2203435319377345,5.978260869565218,4.924852388620504,6.085614600107354,
123,14.479334406870638,13.674181427804616,37.07058507783145,13.56682769726248,4.2203435319377345,5.978260869565218,4.924852388620504,6.085614600107354,
124,14.640365002683843,13.539989264626946,37.03032742887815,13.56682769726248,4.2203435319377345,6.005099302200751,4.918142780461621,6.078904991948471,
125,14.65378421900161,13.466183574879228,36.983360171765966,13.493022007514762,4.683306494900698,5.864197530864198,4.918142780461621,5.938003220611916,
126,14.526301663982823,13.466183574879228,36.231884057971016,14.848362855609233,4.3545356951154055,5.864197530864198,4.804079441760601,5.904455179817498,
127,14.97584541062802,13.439345142243694,36.14465915190553,14.848362855609233,4.320987654320987,5.864197530864198,4.7638217928073,5.642780461621041,
128,15.311325818572195,13.399087493290391,35.86285560923242,14.848362855609233,4.314278046162104,5.864197530864198,4.757112184648417,5.642780461621041,
129,15.418679549114332,13.399087493290391,35.85614600107354,14.828234031132581,4.314278046162104,5.864197530864198,4.757112184648417,5.562265163714439,
130,15.458937198067632,13.365539452495975,35.85614600107354,14.828234031132581,4.314278046162104,5.864197530864198,4.757112184648417,5.555555555555555,
131,15.666935050993022,13.331991411701557,35.789049919484704,14.828234031132581,4.314278046162104,5.797101449275362,4.7168545356951155,5.555555555555555,
132,15.92860976918948,13.18438003220612,35.68169618894257,14.734299516908212,4.300858829844337,5.797101449275362,4.676596886741814,5.6964573268921095,
133,15.646806226516372,12.600644122383253,35.547504025764894,16.404991948470208,4.300858829844337,5.441492216854535,4.676596886741814,5.381105743424584,
134,16.1231884057971,12.533548040794418,35.547504025764894,16.297638217928075,4.300858829844337,5.428073000536768,4.388083735909823,5.381105743424584,
135,16.284219001610307,12.533548040794418,35.17176596886742,16.25067096081589,4.300858829844337,5.421363392377885,4.656468062265164,5.381105743424584,
136,16.532474503488995,12.513419216317766,34.936929683306495,16.163446054750402,4.300858829844337,5.421363392377885,4.757112184648417,5.374396135265701,
137,16.820987654320987,12.486580783682234,34.816156736446594,16.11647879763822,4.300858829844337,5.414653784219001,4.669887278582931,5.374396135265701,
138,16.834406870638755,12.47987117552335,34.064680622651636,16.076221148684915,4.159957058507783,5.401234567901234,4.656468062265164,6.327160493827161,
139,16.914922168545356,12.419484702093397,34.064680622651636,16.069511540526033,4.1532474503489,5.401234567901234,4.656468062265164,6.320450885668277,
140,17.08937198067633,12.285292538915728,34.024422973698336,16.069511540526033,4.1532474503489,5.401234567901234,4.656468062265164,6.320450885668277,
141,17.297369833601717,12.224906065485776,32.99785292538916,15.92860976918948,4.1532474503489,6.380837359098229,4.569243156199678,6.320450885668277,0.1274825550187869
142,16.545893719806763,12.224906065485776,30.870907139023082,20.538110574342458,3.9049919484702094,6.360708534621578,4.408212560386473,5.018786902844874,0.1274825550187869
143,16.525764895330113,12.224906065485776,29.830917874396135,20.39049919484702,3.9049919484702094,7.601986044015029,4.374664519592056,5.018786902844874,0.1274825550187869
144,16.57944176060118,12.224906065485776,29.830917874396135,20.336822329575952,3.9049919484702094,7.601986044015029,4.374664519592056,5.018786902844874,0.1274825550187869
145,15.479066022544284,12.151100375738057,28.515834675254965,24.4296833064949,3.9049919484702094,7.326892109500805,3.683574879227053,4.38137412775094,0.1274825550187869
146,15.277777777777779,12.010198604401502,28.307836822329577,25.0,3.8848631239935587,7.326892109500805,3.683574879227053,4.38137412775094,0.1274825550187869
147,15.438808373590982,11.963231347289318,28.287707997852927,25.0,3.851315083199141,7.326892109500805,3.683574879227053,4.320987654320987,0.1274825550187869
148,15.519323671497585,11.963231347289318,28.27428878153516,24.932903918411164,3.851315083199141,7.326892109500805,3.683574879227053,4.320987654320987,0.1274825550187869
149,15.526033279656469,11.963231347289318,27.831454643048847,24.90606548577563,3.7775093934514223,7.306763285024155,4.240472356414386,4.320987654320987,0.1274825550187869
150,15.58641975308642,11.922973698336017,27.831454643048847,24.88593666129898,3.7775093934514223,7.306763285024155,4.240472356414386,4.320987654320987,0.1274825550187869
151,15.774288781535159,11.876006441223833,27.690552871712292,24.88593666129898,3.7775093934514223,7.306763285024155,4.240472356414386,4.320987654320987,0.1274825550187869
152,14.418947933440688,11.09098228663446,34.42699946323135,22.088030059044552,3.2004830917874396,6.105743424584004,4.2203435319377345,4.448470209339774,
153,14.727589908749328,11.09098228663446,34.17874396135266,21.967257112184647,3.2004830917874396,6.105743424584004,4.2203435319377345,4.508856682769726,
154,14.868491680085883,11.05072463768116,34.10493827160494,21.967257112184647,3.2004830917874396,6.078904991948471,4.2203435319377345,4.508856682769726,
155,15.009393451422437,10.23215244229737,34.084809447128286,21.79951690821256,4.320987654320987,6.078904991948471,4.206924315619967,4.26731078904992,
156,15.163714439076758,10.23215244229737,34.07809983896941,21.786097691894792,4.320987654320987,6.072195383789587,4.079441760601181,4.26731078904992,
157,15.324745034889963,10.091250670960816,33.73590982286635,21.68545356951154,4.320987654320987,6.072195383789587,4.019055287171229,4.750402576489533,
158,15.371712292002147,10.057702630166398,33.72920021470746,21.443907675791735,4.314278046162104,6.0654857756307035,4.019055287171229,4.998658078368224,
159,14.828234031132581,10.030864197530864,31.93102522812668,21.296296296296298,7.246376811594203,6.0654857756307035,3.878153515834675,4.723564143853999,
160,14.687332259796028,10.017444981213098,30.97826086956522,21.24932903918411,8.628556092324208,6.005099302200751,3.7104133118625873,4.723564143853999,
161,14.61352657004831,9.306226516371444,30.931293612453032,21.24932903918411,8.628556092324208,6.837090713902308,3.7104133118625873,4.723564143853999,
162,15.103327965646805,9.245840042941492,29.770531400966185,21.980676328502415,8.447396672034353,6.937734836285561,3.7909286097691894,4.723564143853999,
163,15.277777777777779,9.178743961352657,30.059044551798173,21.70558239398819,8.427267847557703,6.870638754696726,3.92512077294686,4.555823939881911,
164,15.754159957058508,9.024422973698336,29.99194847020934,21.544551798174986,8.400429414922169,6.8035426731078905,3.92512077294686,4.555823939881911,
165,15.901771336553946,8.997584541062801,29.97181964573269,21.22249060654858,8.373590982286634,6.8035426731078905,4.240472356414386,4.488727858293076,
166,16.109769189479334,8.997584541062801,29.891304347826086,21.18894256575416,8.373590982286634,6.736446591519055,4.213633923778851,4.488727858293076,
167,16.29092860976919,8.997584541062801,29.7638217928073,21.18894256575416,8.360171765968868,6.696188942565755,4.213633923778851,4.488727858293076,
168,16.458668813741276,8.93719806763285,29.74369296833065,21.16881374127751,8.293075684380032,6.696188942565755,4.213633923778851,4.488727858293076,
169,16.606280193236714,8.917069243156199,29.69001610305958,21.121846484165324,8.272946859903382,6.689479334406871,4.213633923778851,4.488727858293076,
170,16.67337627482555,8.910359634997317,29.676596886741816,21.101717659688674,8.32662372517445,6.689479334406871,4.133118625872249,4.488727858293076,
171,16.61969940955448,8.756038647342995,28.972088030059044,20.9272678475577,9.346484165324744,6.629092860976919,4.133118625872249,4.616210413311863,
172,16.80756843800322,8.756038647342995,28.972088030059044,20.860171765968868,9.306226516371444,6.629092860976919,4.052603327965647,4.616210413311863,
173,15.807836822329575,8.125335480407944,27.750939345142243,20.840042941492218,12.513419216317766,6.595544820182502,3.9452495974235107,4.42163177670424,
174,16.035963499731615,8.111916264090176,26.690821256038646,20.8064949006978,12.473161567364466,6.575415995705851,3.8915727321524423,5.414653784219001,
175,16.49892646269458,8.091787439613526,26.46940418679549,20.618625872249062,12.473161567364466,6.575415995705851,3.8580246913580245,5.414653784219001,
176,16.6129898013956,8.091787439613526,26.422436929683307,20.39049919484702,12.432903918411165,6.5485775630703165,3.844605475040258,5.656199677938808,
177,16.800858829844337,8.051529790660226,26.341921631776703,20.323403113258184,12.432903918411165,6.5485775630703165,3.844605475040258,5.656199677938808,
178,17.2638217928073,7.843531937734836,26.174181427804616,20.21604938271605,12.573805689747719,6.5485775630703165,3.8311862587224907,5.548845947396672,
179,17.324208266237253,7.843531937734836,26.154052603327965,20.189210950080515,12.573805689747719,6.5485775630703165,3.824476650563607,5.542136339237788,
180,17.49194847020934,7.843531937734836,26.08695652173913,20.088566827697264,12.573805689747719,6.5485775630703165,3.824476650563607,5.542136339237788,
181,17.505367686527105,7.843531937734836,26.073537305421365,20.088566827697264,12.573805689747719,6.5485775630703165,3.824476650563607,5.542136339237788,
182,17.424852388620504,7.481213097155126,25.986312399355878,19.410896403650028,12.365807836822329,7.96430488459474,3.824476650563607,5.542136339237788,
183,17.70665593129361,7.447665056360709,25.905797101449274,19.30354267310789,12.352388620504563,7.924047235641439,3.824476650563607,5.535426731078905,
184,17.894524959742352,7.434245840042942,25.831991411701555,19.30354267310789,12.25174449812131,7.924047235641439,3.824476650563607,5.535426731078905,
185,18.04884594739667,7.333601717659689,25.81857219538379,19.276704240472355,12.238325281803542,7.924047235641439,3.824476650563607,5.535426731078905,
186,18.531937734836287,7.306763285024155,25.91921631776704,19.102254428341386,12.037037037037036,8.205850778314547,3.824476650563607,5.072463768115942,
187,19.26328502415459,7.306763285024155,25.83870101986044,19.028448738593667,12.030327428878154,7.809983896940419,3.6500268384326353,5.072463768115942,
188,19.363929146537842,7.306763285024155,25.37573805689748,18.733225979602793,12.00348899624262,8.501073537305421,3.643317230273752,5.072463768115942,
189,19.659151905528716,7.306763285024155,25.161030595813205,17.834138486312398,11.949812130971551,9.863123993558776,3.2340311325818574,4.99194847020934,
190,19.82018250134192,7.253086419753086,25.10064412238325,17.834138486312398,11.916264090177133,9.863123993558776,3.2340311325818574,4.978529253891573,
191,19.981213097155127,7.246376811594203,25.013419216317768,17.787171229200215,11.916264090177133,9.863123993558776,3.3279656468062266,4.864465915190553,
192,20.135534084809446,7.152442297369833,25.013419216317768,17.787171229200215,11.855877616747183,9.863123993558776,3.3279656468062266,4.864465915190553,
193,20.35024154589372,7.098765432098766,25.006709608158882,17.787171229200215,11.842458400429415,9.762479871175524,3.3011272141706924,4.851046698872786,
194,20.323403113258184,7.098765432098766,24.966451959205582,17.74020397208803,11.822329575952764,9.73564143853999,3.2877079978529253,5.025496511003757,
195,20.42404723564144,7.058507783145465,24.966451959205582,17.74020397208803,11.761943102522812,9.73564143853999,3.2877079978529253,5.025496511003757,
196,20.41062801932367,7.058507783145465,24.805421363392377,17.74020397208803,11.761943102522812,9.73564143853999,3.4621578099838968,5.025496511003757,
197,20.249597423510465,7.0450885668276975,24.382716049382715,17.74020397208803,11.654589371980677,11.05072463768116,2.8784219001610305,4.998658078368224,
198,20.457595276435857,7.0450885668276975,24.382716049382715,17.66639828234031,11.641170155662909,11.044015029522276,2.7844873859366612,4.978529253891573,
199,20.2361782071927,6.327160493827161,24.382716049382715,18.78690284487386,11.58749329039184,10.997047772410092,2.7844873859366612,4.898013955984971,
200,20.336822329575952,6.179549114331723,24.342458400429415,18.69296833064949,11.842458400429415,10.983628556092324,2.7844873859366612,4.8376274825550185,
201,20.42404723564144,6.179549114331723,24.282071926999464,18.69296833064949,11.842458400429415,10.95679012345679,2.7844873859366612,4.8376274825550185,
202,20.276435856146,6.179549114331723,24.268652710681696,19.89398819108964,10.802469135802468,10.95679012345679,2.7844873859366612,4.8376274825550185,
203,20.38378958668814,6.179549114331723,24.20155662909286,19.880568974771872,10.802469135802468,10.929951690821255,2.7844873859366612,4.8376274825550185,
204,20.618625872249062,6.179549114331723,24.094202898550726,19.87385936661299,10.7085346215781,10.929951690821255,2.757648953301127,4.8376274825550185,
205,20.947396672034355,6.179549114331723,24.06736446591519,19.726247987117553,10.57434245840043,10.909822866344605,2.757648953301127,4.8376274825550185,
206,21.068169618894256,6.179549114331723,24.053945249597422,19.699409554482017,10.735373054213634,10.721953837895867,2.737520128824477,4.804079441760601,
207,20.115405260332796,5.0791733762748255,23.93317230273752,21.960547504025765,10.970209339774557,10.534084809447128,2.6033279656468062,4.804079441760601,
208,20.551529790660226,5.059044551798175,23.825818572195384,21.886741814278047,10.903113258185721,10.379763821792807,2.589908749329039,4.804079441760601,
209,20.497852925389157,4.810789049919484,23.718464841653248,22.21551261406334,10.701825013419215,10.795759527643586,2.589908749329039,4.669887278582931,
210,20.598497047772412,4.770531400966184,23.718464841653248,22.21551261406334,10.674986580783683,10.762211486849168,2.589908749329039,4.669887278582931,
211,21.027911969940956,4.757112184648417,23.597691894793343,22.061191626409016,10.674986580783683,10.762211486849168,2.589908749329039,4.528985507246377,
212,21.068169618894256,4.757112184648417,23.557434245840042,22.061191626409016,10.674986580783683,10.762211486849168,2.589908749329039,4.528985507246377,
213,21.22920021470746,4.757112184648417,23.443370907139023,22.04777241009125,10.674986580783683,10.755501878690284,2.589908749329039,4.502147074610843,
214,21.618357487922705,4.736983360171766,23.275630703166936,22.48389694041868,10.63472893183038,10.165056360708535,2.5831991411701556,4.502147074610843,
215,22.356414385399894,4.62962962962963,23.067632850241544,22.12157809983897,10.63472893183038,10.138217928073,2.5563607085346214,4.49543746645196,
216,22.416800858829845,4.62962962962963,23.067632850241544,22.067901234567902,10.63472893183038,10.131508319914117,2.5563607085346214,4.49543746645196,
217,22.249060654857757,4.42163177670424,23.067632850241544,22.067901234567902,11.037305421363392,10.104669887278583,2.5563607085346214,4.49543746645196,
218,21.70558239398819,4.42163177670424,20.12211486849168,24.36929683306495,11.037305421363392,11.386205045625335,2.462426194310252,4.49543746645196,
219,21.732420826623724,4.42163177670424,20.12211486849168,24.355877616747183,11.037305421363392,11.372785829307569,2.462426194310252,4.49543746645196,
220,21.906870638754697,4.414922168545357,20.04830917874396,24.288781535158346,11.010466988727858,11.372785829307569,2.462426194310252,4.49543746645196,
221,21.953837895866883,4.414922168545357,20.034889962426195,24.268652710681696,11.003757380568974,11.366076221148685,2.462426194310252,4.49543746645196,
222,22.034353193773484,4.414922168545357,20.00805152979066,24.268652710681696,10.976918947933441,11.366076221148685,2.462426194310252,4.468599033816425,
223,22.249060654857757,4.414922168545357,19.94766505636071,24.174718196457327,10.963499731615673,11.332528180354267,2.4490069779924855,4.468599033816425,
224,22.564412238325282,4.414922168545357,19.81347289318304,24.094202898550726,10.963499731615673,11.29898013955985,2.4154589371980677,4.435050993022007,
225,22.63150831991412,4.414922168545357,19.80005367686527,24.094202898550726,10.93666129898014,11.272141706924316,2.4154589371980677,4.435050993022007,
226,23.007246376811594,4.414922168545357,19.773215244229736,24.00697799248524,10.715244229736983,11.272141706924316,2.4154589371980677,4.394793344068707,
227,23.17498658078368,4.414922168545357,19.73966720343532,23.93317230273752,10.654857756307031,11.272141706924316,2.4154589371980677,4.394793344068707,
228,23.101180891035963,4.414922168545357,19.73966720343532,23.49033816425121,11.20504562533548,11.238593666129898,2.4154589371980677,4.394793344068707,
229,23.11460010735373,4.414922168545357,19.726247987117553,23.49033816425121,11.20504562533548,11.238593666129898,2.4154589371980677,4.394793344068707,
230,23.201825013419217,4.414922168545357,19.639023081052066,23.49033816425121,11.20504562533548,11.238593666129898,2.4154589371980677,4.394793344068707,
231,23.262211486849168,4.414922168545357,19.484702093397747,23.463499731615673,11.292270531400966,11.137949543746645,2.5496511003757383,4.394793344068707,
232,23.738593666129898,4.414922168545357,19.276704240472355,23.295759527643586,11.258722490606548,11.07085346215781,2.5496511003757383,4.394793344068707,
233,23.72517444981213,4.414922168545357,19.14922168545357,23.765432098765434,11.245303274288782,10.641438539989265,2.536231884057971,4.522275899087493,
234,23.832528180354267,4.414922168545357,19.129092860976918,23.70504562533548,11.245303274288782,10.61460010735373,2.536231884057971,4.522275899087493,
235,23.93317230273752,4.414922168545357,19.129092860976918,23.68491680085883,11.245303274288782,10.540794417606012,2.536231884057971,4.51556629092861,
236,24.16129898013956,4.414922168545357,19.0955448201825,23.66478797638218,11.191626409017713,10.50053676865271,2.509393451422437,4.461889425657541,
237,24.56387546967257,4.414922168545357,18.90096618357488,23.483628556092324,10.748792270531402,10.963499731615673,2.4691358024691357,4.455179817498658,
238,24.97987117552335,4.388083735909823,18.51851851851852,23.1682769726248,10.735373054213634,10.876274825550189,2.462426194310252,4.871175523349437,
239,24.570585077831456,4.388083735909823,18.02200751476114,23.11460010735373,10.72866344605475,10.876274825550189,2.462426194310252,5.837359098228664,
240,24.62426194310252,4.388083735909823,17.807300053676865,23.047504025764894,10.72866344605475,10.876274825550189,2.703972088030059,5.8239398819108965,
241,24.214975845410628,4.388083735909823,17.70665593129361,23.64465915190553,10.7085346215781,10.815888352120236,2.703972088030059,5.8172302737520125,
242,24.315619967793882,4.38137412775094,17.659688674181428,23.64465915190553,10.668276972624799,10.809178743961352,2.703972088030059,5.8172302737520125,
243,24.54374664519592,4.374664519592056,17.659688674181428,23.637949543746647,10.668276972624799,10.768921095008052,2.703972088030059,5.642780461621041,
244,24.698067632850243,4.374664519592056,17.659688674181428,23.564143853998928,10.587761674718196,10.768921095008052,2.703972088030059,5.642780461621041,
245,24.859098228663445,4.374664519592056,17.371175523349436,23.34272678475577,11.158078368223295,10.72866344605475,2.5831991411701556,5.58239398819109,
246,25.234836285560924,4.361245303274289,17.324208266237253,23.17498658078368,11.07085346215781,10.72866344605475,2.5831991411701556,5.522007514761138,
247,25.369028448738593,4.361245303274289,17.297369833601717,23.14814814814815,11.017176596886742,10.72866344605475,2.5831991411701556,5.495169082125604,
248,25.355609232420825,4.3545356951154055,17.297369833601717,23.329307568438004,10.997047772410092,10.72866344605475,2.5831991411701556,5.35426731078905,
249,25.6105743424584,4.2270531400966185,17.277241009125067,23.255501878690286,10.997047772410092,10.715244229736983,2.5831991411701556,5.3341384863123995,
250,25.046967257112186,4.2270531400966185,18.47826086956522,22.805958132045088,10.970209339774557,10.701825013419215,2.5831991411701556,5.186527106816962,
251,25.107353730542137,4.2270531400966185,18.47826086956522,22.77241009125067,10.943370907139023,10.701825013419215,2.5831991411701556,5.186527106816962,
252,25.214707461084274,4.2270531400966185,18.243424584004295,22.7187332259796,10.943370907139023,10.641438539989265,2.5831991411701556,5.428073000536768,
253,25.369028448738593,4.2203435319377345,18.209876543209877,22.65163714439077,10.943370907139023,10.641438539989265,2.536231884057971,5.428073000536768,
254,25.43612453032743,4.193505099302201,18.209876543209877,22.644927536231883,10.923242082662373,10.641438539989265,2.536231884057971,5.414653784219001,
255,25.764895330112722,4.193505099302201,18.055555555555557,22.564412238325282,10.923242082662373,10.641438539989265,2.536231884057971,5.320719269994632,
256,26.03327965646806,4.1129898013955986,18.00187869028449,22.50402576489533,10.916532474503489,10.607890499194847,2.536231884057971,5.287171229200215,
257,25.563607085346217,4.1129898013955986,17.941492216854535,23.537305421363392,10.950080515297907,10.071121846484166,2.536231884057971,5.287171229200215,
258,25.805152979066023,3.965378421900161,17.887815351583466,23.51046698872786,10.950080515297907,10.071121846484166,2.536231884057971,5.273752012882448,
259,26.100375738056897,3.938539989264627,17.860976918947934,23.45679012345679,10.950080515297907,9.883252818035427,2.536231884057971,5.273752012882448,
260,25.328770799785293,3.4822866344605474,20.994363929146537,23.242082662372518,9.359903381642512,9.816156736446592,2.5026838432635534,5.273752012882448,
261,25.83870101986044,3.4688674181427803,20.92055823939882,23.047504025764894,9.333064949006978,9.769189479334408,2.475845410628019,5.146269457863661,
262,26.20101986044015,3.435319377348363,20.840042941492218,22.920021470746107,9.158615136876007,9.769189479334408,2.475845410628019,5.199946323134729,
263,26.536500268384327,3.435319377348363,20.833333333333332,22.906602254428343,8.93719806763285,9.675254965110037,2.475845410628019,5.199946323134729,
264,26.127214170692433,3.435319377348363,20.739398819108963,23.356146001073537,8.742619431025227,9.990606548577563,2.408749329039184,5.199946323134729,
265,26.35534084809447,3.435319377348363,20.571658615136876,23.349436392914654,8.742619431025227,9.96376811594203,2.408749329039184,5.173107890499195,
266,26.482823403113258,3.435319377348363,20.538110574342458,23.349436392914654,8.675523349436393,9.96376811594203,2.408749329039184,5.146269457863661,
267,26.496242619431026,3.435319377348363,20.52469135802469,23.060923242082662,8.675523349436393,10.265700483091788,2.408749329039184,5.132850241545894,
268,26.979334406870638,3.435319377348363,20.52469135802469,22.893183038110575,8.635265700483092,9.997316156736447,2.4020397208803006,5.132850241545894,
269,26.979334406870638,3.435319377348363,20.52469135802469,22.893183038110575,8.635265700483092,9.997316156736447,2.4020397208803006,5.132850241545894,
270,27.15378421900161,3.4286097691894795,20.517981749865807,22.832796564680624,8.581588835212024,9.957058507783145,2.4020397208803006,5.12614063338701,
271,27.42216854535695,3.4286097691894795,20.471014492753625,22.725442834138487,8.561460010735374,9.923510466988727,2.341653247450349,5.12614063338701,
272,27.34836285560923,3.4017713365539453,21.544551798174986,21.87332259796028,8.561460010735374,9.863123993558776,2.281266774020397,5.12614063338701,
273,27.730810520665592,3.3816425120772946,21.490874932903917,21.75925925925926,8.467525496511003,9.77589908749329,2.281266774020397,5.112721417069243,
274,27.938808373590984,3.3816425120772946,21.390230810520666,21.712292002147073,8.440687063875469,9.749060654857756,2.2745571658615136,5.112721417069243,
275,28.039452495974235,3.3816425120772946,21.370101986044016,21.672034353193773,8.407139023081053,9.742351046698873,2.2745571658615136,5.112721417069243,
276,28.187063875469672,3.3816425120772946,21.336553945249598,21.557971014492754,8.407139023081053,9.742351046698873,2.2745571658615136,5.112721417069243,
277,28.18035426731079,3.3816425120772946,21.007783145464305,21.557971014492754,8.400429414922169,9.742351046698873,2.2745571658615136,5.4549114331723025,
278,28.26086956521739,3.3816425120772946,21.007783145464305,21.484165324745035,8.393719806763285,9.742351046698873,2.2745571658615136,5.4549114331723025,
279,28.35480407944176,3.374932903918411,20.933977455716587,21.484165324745035,8.393719806763285,9.73564143853999,2.2745571658615136,5.448201825013419,
280,28.522544283413847,3.374932903918411,20.88030059044552,21.450617283950617,8.36688137412775,9.695383789586689,2.2611379495437465,5.448201825013419,
281,28.73725174449812,3.3682232957595275,20.88030059044552,21.14868491680086,8.319914117015566,9.916800858829845,2.2611379495437465,5.367686527106817,
282,28.817767042404725,3.3682232957595275,20.88030059044552,21.068169618894256,8.319914117015566,9.916800858829845,2.2611379495437465,5.367686527106817,
283,28.99892646269458,3.3413848631239937,20.86688137412775,21.034621578099838,8.319914117015566,9.916800858829845,2.2611379495437465,5.260332796564681,
284,29.07944176060118,3.33467525496511,20.833333333333332,21.027911969940956,8.28636607622115,9.916800858829845,2.2611379495437465,5.260332796564681,
285,23.14814814814815,24.986580783682232,17.002147074610843,15.975577026301664,4.468599033816425,8.091787439613526,1.3754696725711217,4.951690821256038,
286,23.336017176596886,24.798711755233494,17.002147074610843,15.975577026301664,4.468599033816425,8.091787439613526,1.3754696725711217,4.951690821256038,
287,23.43666129898014,24.724906065485776,16.794149221685455,15.687063875469672,4.40150295222759,8.487654320987655,1.3754696725711217,5.092592592592593,
288,23.63123993558776,24.644390767579175,16.78743961352657,15.68035426731079,4.30756843800322,8.487654320987655,1.3754696725711217,5.0858829844337095,
289,23.960010735373054,24.62426194310252,16.6129898013956,15.83467525496511,4.28743961352657,8.32662372517445,1.3687600644122384,4.985238862050457,
290,24.349168008588297,24.57729468599034,16.371443907675793,16.418411164787976,4.240472356414386,7.87037037037037,1.1876006441223832,4.985238862050457,
291,24.10762211486849,24.56387546967257,16.6129898013956,16.404991948470208,4.38137412775094,7.87037037037037,1.1876006441223832,4.871175523349437,
292,24.241814278046164,24.56387546967257,16.532474503488995,16.391572732152444,4.38137412775094,7.830112721417069,1.1876006441223832,4.871175523349437,
293,23.718464841653248,24.4699409554482,15.98899624261943,18.256843800322063,4.38137412775094,7.185990338164252,1.1741814278046163,4.824208266237251,
294,23.255501878690286,24.322329575952764,15.98899624261943,18.820450885668276,4.38137412775094,7.185990338164252,1.1003757380568975,4.944981213097155,
295,23.369565217391305,24.282071926999464,15.921900161030596,18.733225979602793,4.38137412775094,7.5348899624261945,1.1003757380568975,4.676596886741814,
296,23.423242082662373,24.282071926999464,15.874932903918411,18.733225979602793,4.38137412775094,7.5348899624261945,1.093666129898014,4.676596886741814,
297,23.57085346215781,24.268652710681696,15.801127214170693,18.719806763285025,4.38137412775094,7.5348899624261945,1.093666129898014,4.62962962962963,
298,23.617820719269993,24.268652710681696,15.801127214170693,18.706387546967257,4.38137412775094,7.5348899624261945,1.093666129898014,4.5960815888352125,
299,23.691626409017715,24.268652710681696,15.801127214170693,18.706387546967257,4.374664519592056,7.514761137949543,1.093666129898014,4.549114331723027,
300,22.322866344605476,10.34621578099839,15.405260332796564,36.16478797638218,3.7640901771336552,6.528448738593666,1.0265700483091786,4.441760601180891,
301,22.52415458937198,10.34621578099839,15.371712292002147,36.02388620504563,3.7640901771336552,6.528448738593666,1.0265700483091786,4.414922168545357,
302,22.517444981213096,10.34621578099839,15.371712292002147,35.889694041867955,3.9049919484702094,6.528448738593666,1.0265700483091786,4.414922168545357,
303,22.63150831991412,10.34621578099839,15.297906602254429,35.889694041867955,3.8915727321524423,6.508319914117015,1.0198604401502953,4.414922168545357,
304,22.63150831991412,10.339506172839506,15.297906602254429,35.98362855609233,3.8915727321524423,6.421095008051529,1.0198604401502953,4.414922168545357,
305,22.188674181427803,10.030864197530864,15.210681696188942,35.78234031132582,3.8915727321524423,7.763016639828234,0.9326355340848095,4.200214707461084,
306,22.457058507783145,10.017444981213098,14.928878153515834,35.61460010735373,3.8311862587224907,8.205850778314547,0.9192163177670424,4.025764895330113,
307,22.913311862587225,9.950348899624261,14.834943639291465,35.43344068706388,3.7372517444981215,8.205850778314547,0.9192163177670424,4.005636070853462,
308,23.027375201288244,9.950348899624261,14.814814814814815,35.36634460547504,3.7372517444981215,8.179012345679013,0.9192163177670424,4.005636070853462,
309,22.98040794417606,9.943639291465379,14.814814814814815,35.35963499731616,3.7372517444981215,8.266237251744498,0.9192163177670424,3.978797638217928,
310,23.013955984970476,9.943639291465379,14.814814814814815,35.32608695652174,3.7372517444981215,8.266237251744498,0.9192163177670424,3.978797638217928,
311,23.26892109500805,9.916800858829845,14.76784755770263,35.18518518518518,3.7372517444981215,8.32662372517445,0.8856682769726248,3.911701556629093,
312,23.349436392914654,9.876543209876543,14.667203435319378,35.13150831991412,3.7372517444981215,8.32662372517445,0.9997316156736447,3.911701556629093,
313,23.450080515297905,9.876543209876543,14.61352657004831,35.08454106280193,3.7372517444981215,8.32662372517445,0.9997316156736447,3.911701556629093,
314,23.63123993558776,9.75577026301664,14.61352657004831,35.08454106280193,3.7372517444981215,8.279656468062266,0.9997316156736447,3.898282340311326,
315,23.26892109500805,9.668545356951155,14.700751476113794,34.31964573268921,5.179817498658078,8.024691358024691,0.9997316156736447,3.8378958668813743,
316,23.295759527643586,9.64170692431562,14.700751476113794,34.31964573268921,5.179817498658078,8.024691358024691,0.9997316156736447,3.8378958668813743,
317,23.51046698872786,9.634997316156737,14.566559312936125,34.245840042941495,5.179817498658078,8.024691358024691,0.9997316156736447,3.8378958668813743,
318,23.980139559849704,9.554482018250134,14.533011272141707,33.95061728395062,5.119431025228127,8.024691358024691,0.9997316156736447,3.8378958668813743,
319,24.040526033279658,9.554482018250134,14.492753623188406,33.93048845947396,5.119431025228127,8.024691358024691,0.9997316156736447,3.8378958668813743,
320,24.14787976382179,9.554482018250134,14.486044015029522,33.883521202361784,5.119431025228127,7.971014492753623,0.9997316156736447,3.8378958668813743,
321,24.288781535158346,9.453837895866881,14.371980676328503,33.68894256575416,5.10601180891036,8.252818035426731,0.9997316156736447,3.8378958668813743,
322,24.50348899624262,9.453837895866881,14.331723027375201,33.52120236178207,5.10601180891036,8.252818035426731,0.9997316156736447,3.8311862587224907,
323,24.691358024691358,9.333064949006978,14.318303811057435,33.467525496511,5.10601180891036,8.252818035426731,0.9997316156736447,3.8311862587224907,
324,24.9194847020934,9.326355340848094,14.304884594739667,33.299785292538914,5.10601180891036,8.21256038647343,0.9997316156736447,3.8311862587224907,
325,25.167740203972087,9.212292002147075,14.27133655394525,33.19914117015566,5.10601180891036,8.21256038647343,0.9997316156736447,3.8311862587224907,
326,25.254965110037574,9.212292002147075,14.251207729468598,33.1454643048846,5.092592592592593,8.21256038647343,0.9997316156736447,3.8311862587224907,
327,25.328770799785293,9.212292002147075,14.251207729468598,33.13204508856683,5.072463768115942,8.199141170155663,0.9930220075147611,3.81105743424584,
328,25.355609232420825,9.212292002147075,14.251207729468598,33.111916264090176,5.065754159957058,8.199141170155663,0.9930220075147611,3.81105743424584,
329,25.42270531400966,9.185453569511541,14.251207729468598,33.071658615136876,5.065754159957058,8.199141170155663,0.9930220075147611,3.81105743424584,
330,25.623993558776167,9.185453569511541,14.210950080515298,33.031400966183575,5.065754159957058,8.172302737520129,0.9930220075147611,3.717122920021471,
331,25.704508856682768,9.185453569511541,14.197530864197532,32.991143317230275,5.038915727321524,8.172302737520129,0.9930220075147611,3.717122920021471,
332,25.85212023617821,9.185453569511541,14.190821256038648,32.87707997852925,5.01207729468599,8.172302737520129,0.9930220075147611,3.717122920021471,
333,26.194310252281266,8.984165324745035,14.083467525496511,32.8569511540526,5.01207729468599,8.158883521202362,0.9930220075147611,3.717122920021471,
334,26.288244766505635,8.984165324745035,14.083467525496511,32.83682232957595,5.01207729468599,8.085077831454644,0.9930220075147611,3.717122920021471,
335,26.596886741814277,8.984165324745035,14.076757917337627,32.769726247987116,4.978529253891573,8.05823939881911,0.9930220075147611,3.5426731078904994,
336,26.757917337627482,8.984165324745035,14.049919484702093,32.63553408480945,4.978529253891573,8.05823939881911,0.9930220075147611,3.5426731078904994,
337,26.858561460010737,8.923778851315083,14.049919484702093,32.59527643585615,4.978529253891573,8.05823939881911,0.9930220075147611,3.5426731078904994,
338,27.053140096618357,8.789586688137414,14.049919484702093,32.56843800322061,4.951690821256038,8.05823939881911,0.9930220075147611,3.535963499731616,
339,27.15378421900161,8.776167471819646,14.009661835748792,32.53488996242619,4.951690821256038,8.044820182501342,0.9930220075147611,3.535963499731616,
340,27.26784755770263,8.715780998389693,13.996242619431026,32.360440150295226,5.0858829844337095,8.044820182501342,0.9930220075147611,3.535963499731616,
341,27.455716586151368,8.648684916800859,13.996242619431026,32.2463768115942,5.0858829844337095,8.044820182501342,0.9930220075147611,3.5292538915727323,
342,27.70397208803006,8.608427267847558,13.94927536231884,32.1256038647343,5.045625335480408,8.044820182501342,0.9930220075147611,3.5292538915727323,
343,27.851583467525497,8.608427267847558,13.94927536231884,32.058507783145465,4.978529253891573,8.031400966183575,0.9930220075147611,3.5292538915727323,
344,27.871712292002147,8.59500805152979,13.694310252281268,31.95115405260333,4.978529253891573,8.407139023081053,0.9930220075147611,3.5091250670960816,
345,28.113258185721953,8.507783145464305,13.6808910359635,31.890767579173378,4.958400429414922,8.3467525496511,0.9930220075147611,3.5091250670960816,
346,28.153515834675254,8.494363929146537,13.6808910359635,31.890767579173378,4.958400429414922,8.319914117015566,0.9930220075147611,3.5091250670960816,
347,28.395061728395063,8.340042941492216,13.627214170692431,31.85721953837896,4.958400429414922,8.319914117015566,0.9930220075147611,3.5091250670960816,
348,28.428609769189478,8.340042941492216,13.627214170692431,31.82367149758454,4.958400429414922,8.319914117015566,0.9930220075147611,3.5091250670960816,
349,28.77750939345142,8.21256038647343,13.620504562533547,31.743156199677937,4.958400429414922,8.192431561996779,0.9930220075147611,3.502415458937198,
350,28.992216854535695,8.05823939881911,13.519860440150294,31.622383252818036,5.213365539452496,8.071658615136876,0.9930220075147611,3.5292538915727323,
351,29.126409017713364,8.05823939881911,13.519860440150294,31.508319914117017,5.213365539452496,8.051529790660226,0.9930220075147611,3.5292538915727323,
352,28.37493290391841,8.017981749865807,15.666935050993022,30.864197530864196,4.864465915190553,7.434245840042942,0.9930220075147611,3.515834675254965,0.2683843263553409
353,28.61647879763822,8.004562533548041,15.666935050993022,30.723295759527645,4.864465915190553,7.347020933977456,0.9930220075147611,3.515834675254965,0.2683843263553409
354,28.052871712292003,7.648953301127214,15.666935050993022,30.723295759527645,4.40150295222759,8.756038647342995,0.9930220075147611,3.488996242619431,0.2683843263553409
355,28.079710144927535,7.648953301127214,15.666935050993022,30.67632850241546,4.327697262479871,8.849973161567364,0.9930220075147611,3.488996242619431,0.2683843263553409
356,28.119967793880836,7.635534084809447,15.666935050993022,30.649490069779926,4.327697262479871,8.849973161567364,0.9930220075147611,3.488996242619431,0.2683843263553409
357,28.31454643048846,7.628824476650563,15.58641975308642,30.54884594739667,4.327697262479871,8.84326355340848,0.9930220075147611,3.488996242619431,0.2683843263553409
358,28.388352120236178,7.628824476650563,15.58641975308642,30.52200751476114,4.28743961352657,8.836553945249598,0.9930220075147611,3.488996242619431,0.2683843263553409
359,28.515834675254965,7.588566827697263,15.58641975308642,30.253623188405797,4.643048845947397,8.809715512614064,0.9863123993558777,3.488996242619431,0.1274825550187869
360,28.6231884057971,7.575147611379496,15.378421900161031,30.20665593129361,4.87788513150832,8.769457863660762,0.9863123993558777,3.455448201825013,0.1274825550187869
361,28.817767042404725,7.575147611379496,15.378421900161031,30.07246376811594,4.830917874396135,8.769457863660762,0.9863123993558777,3.4420289855072466,0.1274825550187869
362,28.690284487385938,7.37385936661299,15.217391304347826,31.0252281266774,4.468599033816425,8.715780998389693,0.9863123993558777,3.3950617283950617,0.1274825550187869
363,28.797638217928075,7.37385936661299,15.217391304347826,30.96484165324745,4.448470209339774,8.68894256575416,0.9863123993558777,3.3950617283950617,0.1274825550187869
364,29.401502952227588,7.37385936661299,14.741009125067096,30.88432635534085,4.448470209339774,8.675523349436393,0.9863123993558777,3.361513687600644,0.1274825550187869
365,29.47530864197531,7.25979602791197,14.606816961889425,30.817230273752013,4.783950617283951,8.608427267847558,0.9863123993558777,3.33467525496511,0.1274825550187869
366,29.64975845410628,7.253086419753086,14.53972088030059,30.817230273752013,4.783950617283951,8.514492753623188,0.9863123993558777,3.3279656468062266,0.1274825550187869
367,29.750402576489535,7.253086419753086,14.53972088030059,30.73671497584541,4.7638217928073,8.514492753623188,0.9863123993558777,3.3279656468062266,0.1274825550187869
368,29.790660225442835,7.253086419753086,14.51959205582394,30.71658615136876,4.7638217928073,8.514492753623188,0.9863123993558777,3.3279656468062266,0.1274825550187869
369,29.777241009125067,7.253086419753086,14.51959205582394,30.589103596349972,4.750402576489533,8.682232957595277,0.9863123993558777,3.3145464304884595,0.1274825550187869
370,30.09259259259259,7.253086419753086,14.512882447665056,30.367686527106816,4.7168545356951155,8.628556092324208,0.9863123993558777,3.3145464304884595,0.1274825550187869
371,30.22007514761138,7.212828770799785,14.479334406870638,30.320719269994633,4.7101449275362315,8.628556092324208,0.9863123993558777,3.3145464304884595,0.1274825550187869
372,30.320719269994633,7.212828770799785,14.392109500805153,30.307300053676865,4.7101449275362315,8.628556092324208,0.9863123993558777,3.3145464304884595,0.1274825550187869
373,29.723564143854,7.071926999463232,14.257917337627482,31.80354267310789,4.62962962962963,8.313204508856682,0.9796027911969941,3.0931293612453032,0.1274825550187869
374,29.891304347826086,7.071926999463232,14.170692431561998,31.756575415995705,4.609500805152979,8.299785292538916,0.9796027911969941,3.0931293612453032,0.1274825550187869
375,30.407944176060116,7.071926999463232,14.009661835748792,31.5955448201825,4.428341384863124,8.293075684380032,0.9728931830381106,3.0931293612453032,0.1274825550187869
376,30.434782608695652,7.071926999463232,14.009661835748792,31.568706387546968,4.428341384863124,8.293075684380032,0.9728931830381106,3.0931293612453032,0.1274825550187869
377,30.48845947396672,7.071926999463232,13.989533011272142,31.53515834675255,4.428341384863124,8.293075684380032,0.9728931830381106,3.0931293612453032,0.1274825550187869
378,30.703166935050994,7.071926999463232,13.955984970477724,31.488191089640367,4.428341384863124,8.266237251744498,0.9728931830381106,2.985775630703167,0.1274825550187869
379,30.810520665593128,7.071926999463232,13.90901771336554,31.488191089640367,4.428341384863124,8.205850778314547,0.9728931830381106,2.985775630703167,0.1274825550187869
380,31.052066559312937,7.071926999463232,13.385668276972625,31.320450885668276,4.958400429414922,8.125335480407944,0.9728931830381106,2.985775630703167,0.1274825550187869
381,31.4345142243693,7.071926999463232,13.291733762748256,31.132581857219538,4.951690821256038,8.031400966183575,0.9728931830381106,2.985775630703167,0.1274825550187869
382,31.528448738593667,6.998121309715513,13.291733762748256,31.112453032742888,4.951690821256038,8.031400966183575,0.9728931830381106,2.985775630703167,0.1274825550187869
383,31.870638754696724,6.984702093397746,13.258185721953838,30.817230273752013,4.951690821256038,8.031400966183575,0.9728931830381106,2.985775630703167,0.1274825550187869
384,31.78341384863124,6.957863660762212,13.077026301663983,30.723295759527645,4.944981213097155,8.467525496511003,0.9728931830381106,2.945517981749866,0.1274825550187869
385,31.89747718733226,6.91760601180891,12.895866881374127,30.60252281266774,4.924852388620504,8.715780998389693,0.9728931830381106,2.945517981749866,0.1274825550187869
386,31.924315619967793,6.91760601180891,12.895866881374127,30.575684380032207,4.924852388620504,8.715780998389693,0.9728931830381106,2.945517981749866,0.1274825550187869
387,31.99141170155663,6.91760601180891,12.895866881374127,30.314009661835748,4.924852388620504,8.715780998389693,1.1674718196457328,2.945517981749866,0.1274825550187869
388,32.15915190552872,6.91760601180891,12.895866881374127,30.314009661835748,4.757112184648417,8.715780998389693,1.1674718196457328,2.945517981749866,0.1274825550187869
389,32.82340311325819,6.91760601180891,12.835480407944177,30.018786902844873,4.703435319377348,8.641975308641975,1.0265700483091786,2.9052603327965647,0.1274825550187869
390,32.79656468062265,6.91760601180891,12.781803542673108,29.998658078368223,4.696725711218465,8.76274825550188,1.0131508319914118,2.9052603327965647,0.1274825550187869
391,32.72275899087493,6.91760601180891,12.600644122383253,29.931561996779386,4.696725711218465,8.76274825550188,1.0131508319914118,3.227321524422974,0.1274825550187869
392,32.769726247987116,6.91760601180891,12.587224906065487,29.931561996779386,4.696725711218465,8.76274825550188,1.0131508319914118,3.193773483628556,0.1274825550187869
393,32.78314546430489,6.91760601180891,12.573805689747719,29.931561996779386,4.696725711218465,8.76274825550188,1.0131508319914118,3.193773483628556,0.1274825550187869
394,32.830112721417066,6.910896403650026,12.567096081588835,29.898013955984972,4.696725711218465,8.76274825550188,1.0131508319914118,3.193773483628556,0.1274825550187869
395,32.991143317230275,6.884057971014493,12.526838432635534,29.851046698872786,4.696725711218465,8.729200214707461,1.0131508319914118,3.180354267310789,0.1274825550187869
396,33.03811057434246,6.884057971014493,12.506709608158884,29.824208266237253,4.696725711218465,8.729200214707461,1.0131508319914118,3.180354267310789,0.1274825550187869
397,33.07836822329576,6.884057971014493,12.506709608158884,29.78395061728395,4.696725711218465,8.729200214707461,1.0131508319914118,3.180354267310789,0.1274825550187869
398,33.19914117015566,6.837090713902308,12.506709608158884,29.7638217928073,4.696725711218465,8.675523349436393,1.0131508319914118,3.180354267310789,0.1274825550187869
399,33.41384863123994,6.837090713902308,12.432903918411165,29.676596886741816,4.676596886741814,8.641975308641975,1.0131508319914118,3.180354267310789,0.1274825550187869
400,33.360171765968865,6.837090713902308,12.198067632850242,29.676596886741816,4.676596886741814,8.581588835212024,1.0131508319914118,3.5292538915727323,0.1274825550187869
401,33.561460010735374,6.837090713902308,12.164519592055823,29.643048845947398,4.609500805152979,8.581588835212024,1.0131508319914118,3.4621578099838968,0.1274825550187869
402,33.54804079441761,6.816961889425658,12.151100375738057,29.78395061728395,4.51556629092861,8.581588835212024,1.0131508319914118,3.4621578099838968,0.1274825550187869
403,33.59500805152979,6.66935050993022,12.110842726784755,29.69001610305958,4.757112184648417,8.57487922705314,1.0131508319914118,3.4621578099838968,0.1274825550187869
404,33.662104133118625,6.66935050993022,12.110842726784755,29.622920021470748,4.757112184648417,8.57487922705314,1.0131508319914118,3.4621578099838968,0.1274825550187869
405,33.72920021470746,6.66935050993022,12.110842726784755,29.55582393988191,4.757112184648417,8.57487922705314,1.0131508319914118,3.4621578099838968,0.1274825550187869
406,33.782877079978526,6.649221685453569,12.110842726784755,29.53569511540526,4.74369296833065,8.57487922705314,1.0131508319914118,3.4621578099838968,0.1274825550187869
407,33.93719806763285,6.649221685453569,12.04374664519592,29.508856682769725,4.74369296833065,8.514492753623188,1.0131508319914118,3.4621578099838968,0.1274825550187869
408,34.044551798174986,6.608964036500268,11.996779388083736,29.47530864197531,4.736983360171766,8.628556092324208,1.0131508319914118,3.3682232957595275,0.1274825550187869
409,33.561460010735374,6.608964036500268,11.439881910896403,30.54884594739667,4.730273752012883,8.601717659688674,1.0131508319914118,3.3682232957595275,0.1274825550187869
410,33.85668276972625,6.447933440687064,11.3191089640365,30.535426731078903,4.730273752012883,8.601717659688674,1.0131508319914118,3.3682232957595275,0.1274825550187869
411,34.19216317767042,6.427804616210413,11.265432098765432,30.394524959742352,4.609500805152979,8.601717659688674,1.0131508319914118,3.3682232957595275,0.1274825550187869
412,34.40016103059581,6.380837359098229,11.231884057971014,30.35426731078905,4.609500805152979,8.514492753623188,1.0131508319914118,3.3682232957595275,0.1274825550187869
413,34.47396672034353,6.340579710144928,11.218464841653248,30.35426731078905,4.5893719806763285,8.514492753623188,1.0131508319914118,3.3682232957595275,0.1274825550187869
414,34.60144927536232,6.340579710144928,11.218464841653248,30.226784755770264,4.5893719806763285,8.514492753623188,1.0131508319914118,3.3682232957595275,0.1274825550187869
415,34.66183574879227,6.3137412775093935,11.218464841653248,30.193236714975846,4.5893719806763285,8.514492753623188,1.0131508319914118,3.3682232957595275,0.1274825550187869
416,34.72222222222222,6.286902844873859,11.218464841653248,30.03220611916264,4.730273752012883,8.514492753623188,1.0131508319914118,3.3548040794417604,0.1274825550187869
417,34.816156736446594,6.286902844873859,11.178207192699947,30.03220611916264,4.730273752012883,8.561460010735374,0.9728931830381106,3.294417606011809,0.1274825550187869
418,34.82957595276436,6.286902844873859,11.178207192699947,30.018786902844873,4.730273752012883,8.561460010735374,0.9728931830381106,3.294417606011809,0.1274825550187869
419,34.90338164251208,6.286902844873859,11.178207192699947,29.985238862050455,4.730273752012883,8.521202361782072,0.9728931830381106,3.294417606011809,0.1274825550187869
420,34.98389694041868,6.260064412238325,11.158078368223295,29.985238862050455,4.730273752012883,8.514492753623188,0.9594739667203436,3.280998389694042,0.1274825550187869
421,35.06441223832528,6.260064412238325,11.158078368223295,29.924852388620504,4.730273752012883,8.494363929146537,0.9594739667203436,3.280998389694042,0.1274825550187869
422,35.06441223832528,6.260064412238325,11.158078368223295,29.924852388620504,4.730273752012883,8.494363929146537,0.9594739667203436,3.280998389694042,0.1274825550187869
423,35.18518518518518,6.253354804079442,11.084272678475577,29.891304347826086,4.723564143853999,8.494363929146537,0.9594739667203436,3.280998389694042,0.1274825550187869
424,35.35963499731616,6.179549114331723,11.084272678475577,29.830917874396135,4.7101449275362315,8.467525496511003,0.9594739667203436,3.280998389694042,0.1274825550187869
425,35.607890499194845,6.179549114331723,10.95679012345679,29.723564143854,4.7101449275362315,8.467525496511003,0.9460547504025765,3.280998389694042,0.1274825550187869
426,35.70182501341922,6.152710681696189,10.943370907139023,29.683306494900698,4.7101449275362315,8.454106280193237,0.9460547504025765,3.280998389694042,0.1274825550187869
427,35.71524422973698,6.152710681696189,10.815888352120236,29.66988727858293,4.918142780461621,8.373590982286634,0.9460547504025765,3.280998389694042,0.1274825550187869
428,35.83601717659689,6.152710681696189,10.748792270531402,29.676596886741816,4.904723564143854,8.373590982286634,0.9192163177670424,3.260869565217391,0.1274825550187869
429,35.86285560923242,6.152710681696189,10.748792270531402,29.663177670424048,4.904723564143854,8.360171765968868,0.9192163177670424,3.260869565217391,0.1274825550187869
430,35.849436392914654,6.112453032742888,10.748792270531402,29.750402576489535,4.87788513150832,8.360171765968868,0.9192163177670424,3.2541599570585076,0.1274825550187869
431,35.929951690821255,6.112453032742888,10.748792270531402,29.716854535695116,4.8376274825550185,8.353462157809984,0.9192163177670424,3.2541599570585076,0.1274825550187869
432,36.13794954374664,6.112453032742888,10.742082662372518,29.61621041331186,4.810789049919484,8.28636607622115,0.9192163177670424,3.2474503488996245,0.1274825550187869
433,36.272141706924316,6.112453032742888,10.742082662372518,29.482018250134193,4.810789049919484,8.28636607622115,0.9192163177670424,3.2474503488996245,0.1274825550187869
434,36.61433172302738,6.112453032742888,10.493827160493828,29.448470209339774,4.810789049919484,8.252818035426731,0.9192163177670424,3.2206119162640903,0.1274825550187869
435,36.943102522812666,5.998389694041868,10.493827160493828,29.274020397208805,4.810789049919484,8.225979602791197,0.9192163177670424,3.207192699946323,0.1274825550187869
436,37.03703703703704,5.998389694041868,10.493827160493828,29.274020397208805,4.723564143853999,8.225979602791197,0.9125067096081588,3.207192699946323,0.1274825550187869
437,36.943102522812666,5.998389694041868,10.493827160493828,29.07944176060118,4.723564143853999,8.225979602791197,0.9125067096081588,3.4957058507783145,0.1274825550187869
438,37.245034889962426,5.964841653247451,10.46027911969941,29.05931293612453,4.616210413311863,8.172302737520129,0.9125067096081588,3.4420289855072466,0.1274825550187869
439,37.02361782071927,5.964841653247451,10.72866344605475,29.012345679012345,4.616210413311863,8.172302737520129,0.9125067096081588,3.4420289855072466,0.1274825550187869
440,37.33225979602791,5.964841653247451,10.721953837895867,28.73054213633924,4.616210413311863,8.172302737520129,0.9125067096081588,3.421900161030596,0.1274825550187869
441,37.42619431025228,5.964841653247451,10.668276972624799,28.569511540526033,4.575952764358561,8.172302737520129,1.0869565217391304,3.408480944712829,0.1274825550187869
442,37.473161567364464,5.964841653247451,10.661567364465915,28.535963499731615,4.562533548040794,8.192431561996779,1.0869565217391304,3.3950617283950617,0.1274825550187869
443,37.72812667740204,5.877616747181965,10.648148148148149,28.207192699946322,4.555823939881911,8.179012345679013,1.0869565217391304,3.3548040794417604,0.36231884057971014
444,37.84219001610306,5.850778314546431,10.587761674718196,28.18035426731079,4.555823939881911,8.179012345679013,1.0869565217391304,3.3548040794417604,0.36231884057971014
445,37.915995705850776,5.850778314546431,10.587761674718196,28.18035426731079,4.502147074610843,8.158883521202362,1.0869565217391304,3.3548040794417604,0.36231884057971014
446,37.96967257112185,5.850778314546431,10.57434245840043,27.985775630703166,4.4753086419753085,8.158883521202362,1.0869565217391304,3.3548040794417604,0.5434782608695652
447,38.238056897477186,5.850778314546431,10.527375201288244,27.80461621041331,4.4753086419753085,8.132045088566828,1.0869565217391304,3.3413848631239937,0.5434782608695652
448,38.31857219538379,5.850778314546431,10.527375201288244,27.77777777777778,4.42163177670424,8.132045088566828,1.0869565217391304,3.3413848631239937,0.5434782608695652
449,38.399087493290395,5.837359098228664,10.426731078904991,27.771068169618893,4.38137412775094,8.299785292538916,1.0735373054213635,3.2675791733762747,0.5434782608695652
450,38.35212023617821,5.797101449275362,10.426731078904991,27.556360708534623,4.562533548040794,8.252818035426731,1.2412775093934514,3.2675791733762747,0.5434782608695652
451,38.55340848094471,5.797101449275362,10.426731078904991,27.435587761674718,4.555823939881911,8.219269994632313,1.2412775093934514,3.2675791733762747,0.5032206119162641
452,38.58695652173913,5.797101449275362,10.426731078904991,27.408749329039185,4.555823939881911,8.219269994632313,1.2412775093934514,3.260869565217391,0.5032206119162641
453,38.89559849704777,5.797101449275362,10.339506172839506,27.20746108427268,4.53569511540526,8.105206655931294,1.2412775093934514,3.240740740740741,0.6374127750939346
454,39.10359634997316,5.797101449275362,10.21202361782072,27.126945786366075,4.53569511540526,8.105206655931294,1.2412775093934514,3.240740740740741,0.6374127750939346
455,39.12372517444981,5.797101449275362,10.21202361782072,27.106816961889425,4.53569511540526,8.105206655931294,1.2412775093934514,3.240740740740741,0.6374127750939346
456,39.2512077294686,5.797101449275362,10.171765968867419,27.03972088030059,4.51556629092861,8.105206655931294,1.2412775093934514,3.240740740740741,0.6374127750939346
457,39.44578636607622,5.797101449275362,10.171765968867419,26.8719806763285,4.51556629092861,8.07836822329576,1.2412775093934514,3.240740740740741,0.6374127750939346
458,39.53972088030059,5.790391841116479,10.171765968867419,26.78475577026302,4.51556629092861,8.07836822329576,1.2412775093934514,3.240740740740741,0.6374127750939346
459,39.398819108964034,5.790391841116479,10.165056360708535,26.650563607085346,4.4820182501341925,8.400429414922169,1.2412775093934514,3.240740740740741,0.630703166935051
460,39.50617283950617,5.750134192163178,10.144927536231885,26.301663982823403,4.4820182501341925,8.702361782071927,1.2412775093934514,3.240740740740741,0.630703166935051
461,39.59339774557166,5.750134192163178,10.104669887278583,26.281535158346752,4.4820182501341925,8.675523349436393,1.2412775093934514,3.240740740740741,0.630703166935051
462,39.734299516908216,5.642780461621041,10.077831454643048,26.27482555018787,4.4820182501341925,8.675523349436393,1.2412775093934514,3.240740740740741,0.630703166935051
463,39.761137949543745,5.622651637144391,10.077831454643048,26.27482555018787,4.4820182501341925,8.675523349436393,1.2412775093934514,3.2340311325818574,0.630703166935051
464,39.95571658615137,5.60252281266774,10.050993022007514,26.241277509393452,4.428341384863124,8.641975308641975,1.2412775093934514,3.207192699946323,0.630703166935051
465,39.95571658615137,5.60252281266774,10.050993022007514,26.241277509393452,4.428341384863124,8.641975308641975,1.2412775093934514,3.207192699946323,0.630703166935051
466,39.99597423510467,5.60252281266774,10.050993022007514,26.227858293075684,4.40150295222759,8.641975308641975,1.2412775093934514,3.207192699946323,0.630703166935051
467,40.15700483091788,5.60252281266774,10.02415458937198,26.227858293075684,4.394793344068707,8.61513687600644,1.2077294685990339,3.140096618357488,0.630703166935051
468,40.41196994095545,5.441492216854535,10.02415458937198,26.133923778851315,4.394793344068707,8.61513687600644,1.2077294685990339,3.140096618357488,0.630703166935051
469,40.33816425120773,5.441492216854535,9.997316156736447,25.966183574879228,4.394793344068707,8.883521202361782,1.2077294685990339,3.140096618357488,0.630703166935051
470,40.4320987654321,5.428073000536768,9.990606548577563,25.89908749329039,4.388083735909823,8.883521202361782,1.2077294685990339,3.140096618357488,0.630703166935051
471,40.485775630703166,5.428073000536768,9.990606548577563,25.751476113794954,4.388083735909823,8.883521202361782,1.2077294685990339,3.126677402039721,0.7380568974771873
472,40.57300053676865,5.428073000536768,9.990606548577563,25.691089640365004,4.388083735909823,8.856682769726248,1.2077294685990339,3.126677402039721,0.7380568974771873
473,40.66022544283414,5.428073000536768,9.990606548577563,25.603864734299517,4.388083735909823,8.856682769726248,1.2077294685990339,3.126677402039721,0.7380568974771873
474,40.70048309178744,5.428073000536768,9.990606548577563,25.583735909822867,4.388083735909823,8.836553945249598,1.2077294685990339,3.126677402039721,0.7380568974771873
475,40.82796564680623,5.428073000536768,9.970477724100913,25.47638217928073,4.388083735909823,8.836553945249598,1.2077294685990339,3.126677402039721,0.7380568974771873
476,41.056092324208265,5.421363392377885,9.96376811594203,25.34219001610306,4.341116478797638,8.836553945249598,1.2077294685990339,3.0931293612453032,0.7380568974771873
477,41.22383252818035,5.381105743424584,9.957058507783145,25.221417069243156,4.341116478797638,8.836553945249598,1.2077294685990339,3.0931293612453032,0.7380568974771873
478,41.2842190016103,5.340848094471283,9.957058507783145,25.201288244766506,4.341116478797638,8.836553945249598,1.2077294685990339,3.0931293612453032,0.7380568974771873
479,41.706924315619965,5.3341384863123995,9.842995169082126,25.067096081588836,4.341116478797638,8.776167471819646,1.1943102522812667,2.999194847020934,0.7380568974771873
480,41.74047235641439,5.3341384863123995,9.842995169082126,25.033548040794418,4.341116478797638,8.776167471819646,1.1943102522812667,2.999194847020934,0.7380568974771873
481,41.76731078904992,5.3341384863123995,9.842995169082126,25.033548040794418,4.341116478797638,8.769457863660762,1.1943102522812667,2.9790660225442833,0.7380568974771873
482,41.86124530327429,5.3341384863123995,9.842995169082126,24.94632313472893,4.341116478797638,8.76274825550188,1.1943102522812667,2.9790660225442833,0.7380568974771873
483,41.95517981749866,5.273752012882448,9.816156736446592,25.37573805689748,4.341116478797638,8.333333333333334,1.1943102522812667,2.9723564143853998,0.7380568974771873
484,42.20343531937735,5.273752012882448,9.75577026301664,25.268384326355342,4.294149221685454,8.299785292538916,1.1943102522812667,2.9723564143853998,0.7380568974771873
485,42.29736983360172,5.273752012882448,9.668545356951155,25.261674718196456,4.294149221685454,8.299785292538916,1.1943102522812667,2.9723564143853998,0.7380568974771873
486,42.3443370907139,5.273752012882448,9.668545356951155,25.228126677402038,4.294149221685454,8.28636607622115,1.1943102522812667,2.9723564143853998,0.7380568974771873
487,42.250402576489535,5.2066559312936125,9.668545356951155,25.214707461084274,4.49543746645196,8.259527643585615,1.1943102522812667,2.9723564143853998,0.7380568974771873
488,42.35775630703167,5.199946323134729,9.668545356951155,25.174449812130973,4.49543746645196,8.259527643585615,1.1943102522812667,2.9119699409554483,0.7380568974771873
489,42.52549651100376,5.0993022007514766,9.66183574879227,25.127482555018787,4.49543746645196,8.259527643585615,1.1943102522812667,2.898550724637681,0.7380568974771873
490,42.78046162104133,5.072463768115942,9.634997316156737,24.986580783682232,4.49543746645196,8.199141170155663,1.1943102522812667,2.898550724637681,0.7380568974771873
491,42.78046162104133,5.072463768115942,9.634997316156737,24.986580783682232,4.49543746645196,8.199141170155663,1.1943102522812667,2.898550724637681,0.7380568974771873
492,42.961621041331185,4.911433172302737,9.621578099838969,24.97987117552335,4.49543746645196,8.199141170155663,1.1943102522812667,2.898550724637681,0.7380568974771873
493,42.3040794417606,4.911433172302737,10.648148148148149,24.684648416532475,4.49543746645196,8.152173913043478,1.1943102522812667,2.871712292002147,0.7380568974771873
494,42.44498121309716,4.911433172302737,10.648148148148149,24.60413311862587,4.435050993022007,8.152173913043478,1.1943102522812667,2.871712292002147,0.7380568974771873
495,42.47181964573269,4.911433172302737,10.621309715512615,24.60413311862587,4.435050993022007,8.152173913043478,1.1943102522812667,2.871712292002147,0.7380568974771873
496,42.599302200751474,4.911433172302737,10.59447128287708,24.56387546967257,4.428341384863124,8.09849704777241,1.1943102522812667,2.871712292002147,0.7380568974771873
497,42.74691358024691,4.911433172302737,10.57434245840043,24.46323134728932,4.414922168545357,8.085077831454644,1.1943102522812667,2.871712292002147,0.7380568974771873
498,42.78046162104133,4.911433172302737,10.57434245840043,24.44981213097155,4.414922168545357,8.085077831454644,1.1741814278046163,2.871712292002147,0.7380568974771873
499,42.94820182501342,4.911433172302737,10.466988727858293,24.3894256575416,4.414922168545357,8.085077831454644,1.1741814278046163,2.871712292002147,0.7380568974771873
